150000
291666.666666667
291666.666666667
316666.666666667
316666.666666667
316666.666666667
316666.666666667
158333.333333333
316666.666666667
291666.666666667
316666.666666667
316666.666666667
316666.666666667
483333.333333333
483333.333333333
483333.333333333
483333.333333333
483333.333333333
483333.333333333
325000
483333.333333333
483333.333333333
483333.333333333
483333.333333333
483333.333333333
633333.333333333
633333.333333333
583333.333333333
633333.333333333
633333.333333333
633333.333333333
483333.333333333
633333.333333333
641666.666666667
641666.666666667
641666.666666667
641666.666666667
808333.333333333
808333.333333333
791666.666666667
791666.666666667
791666.666666667
791666.666666667
633333.333333333
791666.666666667
725000
725000
725000
725000
875000
875000
975000
975000
975000
975000
791666.666666667
975000
875000
975000
975000
975000
1116666.66666667
1116666.66666667
1150000
1150000
1150000
1150000
966666.666666667
1150000
1116666.66666667
1116666.66666667
1116666.66666667
1116666.66666667
1291666.66666667
1291666.66666667
1150000
1291666.66666667
1291666.66666667
1291666.66666667
1116666.66666667
1291666.66666667
1291666.66666667
1291666.66666667
1291666.66666667
1291666.66666667
1466666.66666667
1466666.66666667
1408333.33333333
1466666.66666667
1466666.66666667
1466666.66666667
1291666.66666667
1466666.66666667
1433333.33333333
1466666.66666667
1466666.66666667
1466666.66666667
1583333.33333333
1583333.33333333
1550000
1583333.33333333
1583333.33333333
